Compilation Results:
********************

Test Input = 5 5 5
Matrix A:
7.61 6.67 0.51 4.84 9.40 
4.69 6.02 0.95 5.58 9.87 
9.04 8.51 8.06 6.46 7.06 
5.57 5.62 7.62 7.84 8.93 
8.84 1.46 8.42 2.22 1.37 

Matrix B:
0.14 6.10 1.03 8.18 3.65 
9.59 5.79 0.33 0.10 0.63 
3.25 4.79 6.65 4.20 3.89 
0.04 6.76 2.41 8.10 6.74 
2.99 7.20 5.89 0.61 5.04 

Matrix C:
94.99 187.88 80.46 110.00 113.96 
91.21 176.80 84.72 94.17 111.96 
130.44 237.53 122.87 165.28 148.83 
106.45 220.31 129.76 147.08 151.36 
46.79 127.58 79.00 126.64 87.81 

Correct!

Test Input = 7 3 9
Matrix A:
7.61 6.67 0.51 
4.84 9.40 4.69 
6.02 0.95 5.58 
9.87 9.04 8.51 
8.06 6.46 7.06 
5.57 5.62 7.62 
7.84 8.93 8.84 

Matrix B:
1.46 8.42 2.22 1.37 0.14 6.10 1.03 8.18 3.65 
9.59 5.79 0.33 0.10 0.63 3.25 4.79 6.65 4.20 
3.89 0.04 6.76 2.41 8.10 6.74 2.99 7.20 5.89 

Matrix C:
77.06 102.72 22.54 12.32 9.40 71.54 41.31 110.28 58.79 
115.46 95.37 45.55 18.87 44.59 91.68 64.03 135.87 84.77 
39.61 56.41 51.40 21.79 46.64 77.42 27.44 95.74 58.83 
134.21 135.79 82.42 34.94 76.01 146.94 78.91 202.12 124.12 
101.18 105.55 67.75 28.70 62.38 117.75 60.35 159.72 98.13 
91.67 79.74 65.73 26.56 66.04 103.60 55.44 137.80 88.82 
131.47 118.07 80.11 32.94 78.33 136.43 77.28 187.16 118.19 

Correct!

Grade: 10
******
Late submission: 0
Functionality:
Total: 
